chr1	3500	0.0	25	1.0	25	0.556	18	0.333	21	0.483	29	-0.15
chr1	4500	0.0	19	1.0	19	0.471	17	0.571	14	0.429	21	0.142
chr1	7500	1.0	22	0.0	22	0.52	25	0.368	19	0.565	23	-0.197
chr1	8500	0.0	19	1.0	19	0.5	16	0.333	15	0.529	17	-0.196
chr1	10500	0.0	14	1.0	14	0.526	19	0.48	25	0.235	17	0.245
chr1	11500	0.0	17	1.0	17	0.35	20	0.25	12	0.452	31	-0.202
chr1	12500	0.0	22	1.0	22	0.5	18	0.556	18	0.471	17	0.085
chr1	15500	0.0	17	1.0	17	0.652	23	0.5	22	0.4	20	0.1
chr1	19500	0.0	14	1.0	14	0.455	22	0.45	20	0.294	17	0.156
chr1	20500	0.0	16	1.0	16	0.364	22	0.529	17	0.286	14	0.243
chr1	29500	0.0	18	1.0	18	0.481	27	0.526	19	0.286	21	0.24
chr1	30500	1.0	16	0.0	16	0.5	24	0.524	21	0.5	20	0.024
chr1	31500	1.0	23	0.0	23	0.5	28	0.421	19	0.333	18	0.088
chr1	32500	1.0	18	0.0	18	0.417	24	0.769	13	0.4	10	0.369
chr1	34500	0.0	15	1.0	15	0.571	21	0.316	19	0.55	20	-0.234
chr1	35500	0.0	20	1.0	20	0.417	12	0.368	19	0.389	18	-0.021
chr1	36500	1.0	23	0.0	23	0.5	12	0.609	23	0.423	26	0.186
chr1	41500	0.0	23	1.0	23	0.455	11	0.524	21	0.263	19	0.261
chr1	42500	1.0	18	0.0	18	0.529	17	0.421	19	0.471	17	-0.05
chr1	50500	1.0	12	0.0	12	0.75	16	0.72	25	0.45	20	0.27
chr1	52500	0.0	17	1.0	17	0.4	20	0.474	19	0.56	25	-0.086
chr1	53500	1.0	15	0.0	15	0.588	17	0.7	20	0.391	23	0.309
chr1	57500	1.0	16	0.0	16	0.389	18	0.471	17	0.478	23	-0.007
chr1	65500	1.0	20	0.0	20	0.562	16	0.423	26	0.519	27	-0.096
chr1	67500	1.0	27	0.0	27	0.381	21	0.45	20	0.429	21	0.021
chr1	68500	0.0	13	1.0	13	0.478	23	0.65	20	0.429	14	0.221
chr1	69500	1.0	15	0.0	15	0.545	22	0.583	12	0.579	19	0.004
chr1	70500	1.0	19	0.0	19	0.65	20	0.567	30	0.278	18	0.289
chr1	71500	1.0	15	0.0	15	0.286	21	0.517	29	0.579	19	-0.062
chr1	73500	0.0	15	1.0	15	0.417	24	0.533	15	0.5	20	0.033
chr1	74500	1.0	28	0.0	28	0.4	20	0.522	23	0.571	14	-0.049
chr1	75500	1.0	15	0.0	15	0.4	15	0.65	20	0.348	23	0.302
chr1	76500	1.0	20	0.0	20	0.4	25	0.733	15	0.458	24	0.275
chr1	78500	0.0	25	1.0	25	0.318	22	0.652	23	0.417	24	0.235
chr1	81500	0.0	14	1.0	14	0.538	13	0.542	24	0.438	16	0.104
chr1	82500	0.0	29	1.0	29	0.524	21	0.381	21	0.286	21	0.095
chr1	83500	1.0	15	0.0	15	0.565	23	0.68	25	0.533	15	0.147
chr1	84500	0.0	21	1.0	21	0.522	23	0.5	16	0.368	19	0.132
chr1	86500	0.0	28	1.0	28	0.643	14	0.63	27	0.455	22	0.175
chr1	87500	0.0	19	1.0	19	0.619	21	0.542	24	0.478	23	0.064
chr1	88500	1.0	26	0.0	26	0.571	21	0.682	22	0.526	19	0.156
chr1	90500	0.0	19	1.0	19	0.45	20	0.667	18	0.526	19	0.141
chr1	92500	1.0	26	0.0	26	0.478	23	0.455	22	0.36	25	0.095
chr1	94500	0.0	26	1.0	26	0.571	21	0.75	12	0.4	20	0.35
chr2	500	1.0	20	0.0	20	0.526	19	0.412	17	0.391	23	0.021
chr2	1500	0.0	20	1.0	20	0.45	20	0.526	19	0.765	17	-0.239
chr2	2500	1.0	18	0.0	18	0.4	20	0.682	22	0.5	18	0.182
chr2	3500	0.0	21	1.0	21	0.545	11	0.583	24	0.421	19	0.162
chr2	6500	0.0	18	1.0	18	0.474	19	0.636	11	0.545	22	0.091
chr2	7500	1.0	19	0.0	19	0.5	20	0.696	23	0.458	24	0.238
chr2	9500	1.0	21	0.0	21	0.529	17	0.684	19	0.462	13	0.222
chr2	10500	1.0	18	0.0	18	0.357	14	0.65	20	0.333	12	0.317
chr2	12500	0.0	25	1.0	25	0.667	12	0.667	18	0.63	27	0.037
chr2	17500	0.0	21	1.0	21	0.571	14	0.708	24	0.35	20	0.358
chr2	18500	0.0	21	1.0	21	0.312	16	0.905	21	0.542	24	0.363
chr2	21500	0.0	25	1.0	25	0.591	22	0.708	24	0.353	17	0.355
chr2	23500	0.0	19	1.0	19	0.448	29	0.867	15	0.481	27	0.386
chr2	25500	0.0	21	1.0	21	0.429	14	0.769	26	0.129	31	0.64
chr2	27500	1.0	18	0.0	18	0.6	20	0.6	20	0.273	22	0.327
chr2	29500	1.0	20	0.0	20	0.5	16	0.696	23	0.407	27	0.289
chr2	30500	1.0	26	0.0	26	0.444	18	0.667	15	0.067	15	0.6
chr2	32500	1.0	20	0.0	20	0.577	26	0.963	27	0.4	15	0.563
chr2	34500	0.0	28	1.0	28	0.4	25	0.952	21	0.286	21	0.666
chr2	36500	1.0	12	0.0	12	0.64	25	1.0	24	0.444	18	0.556
chr2	37500	0.0	12	1.0	12	0.5	18	0.875	24	0.214	28	0.661
chr2	39500	0.0	21	1.0	21	0.375	24	0.963	27	0.25	20	0.713
chr2	40500	0.0	21	1.0	21	0.579	19	0.909	22	0.462	26	0.447
chr2	41500	0.0	18	1.0	18	0.6	15	1.0	19	0.417	12	0.583
chr2	42500	1.0	21	0.0	21	0.524	21	1.0	18	0.5	18	0.5
chr2	44500	1.0	15	0.0	15	0.7	20	0.875	24	0.36	25	0.515
chr2	47500	0.0	26	1.0	26	0.529	17	0.923	26	0.346	26	0.577
chr2	48500	0.0	17	1.0	17	0.6	15	1.0	20	0.19	21	0.81
chr2	52500	0.0	24	1.0	24	0.586	29	1.0	17	0.25	32	0.75
chr2	54500	0.0	24	1.0	24	0.444	18	0.895	19	0.412	17	0.483
chr2	55500	1.0	18	0.0	18	0.381	21	0.9	20	0.375	24	0.525
chr2	57500	1.0	23	0.0	23	0.458	24	0.955	22	0.105	19	0.85
chr2	58500	1.0	33	0.0	33	0.545	33	0.95	20	0.235	17	0.715
chr2	63500	1.0	14	0.0	14	0.524	21	0.957	23	0.059	17	0.898
chr2	64500	0.0	17	1.0	17	0.409	22	0.773	22	0.312	16	0.461
chr2	66500	1.0	18	0.0	18	0.455	11	0.615	13	0.227	22	0.388
chr2	68500	1.0	16	0.0	16	0.667	24	0.864	22	0.211	19	0.653
chr2	69500	1.0	21	0.0	21	0.667	15	0.714	21	0.364	22	0.35
chr2	71500	0.0	25	1.0	25	0.5	18	0.65	20	0.4	15	0.25
chr2	72500	1.0	16	0.0	16	0.435	23	0.786	14	0.292	24	0.494
chr2	73500	1.0	20	0.0	20	0.389	18	0.733	15	0.375	16	0.358
chr2	76500	1.0	20	0.0	20	0.5	20	0.588	17	0.13	23	0.458
chr2	77500	1.0	18	0.0	18	0.333	15	0.633	30	0.381	21	0.252
chr2	79500	1.0	22	0.0	22	0.647	17	0.9	20	0.3	20	0.6
chr2	81500	0.0	16	1.0	16	0.526	19	0.667	18	0.5	12	0.167
chr2	82500	1.0	26	0.0	26	0.444	18	0.615	26	0.5	16	0.115
chr2	85500	1.0	30	0.0	30	0.571	21	0.842	19	0.222	18	0.62
chr2	86500	0.0	18	1.0	18	0.333	21	0.688	16	0.435	23	0.253
chr2	87500	0.0	16	1.0	16	0.583	24	0.704	27	0.5	14	0.204
chr2	90500	0.0	16	1.0	16	0.5	22	0.833	12	0.235	17	0.598
chr2	92500	0.0	22	1.0	22	0.467	15	0.688	16	0.368	19	0.32
chr2	95500	1.0	24	0.0	24	0.524	21	0.611	18	0.318	22	0.293
chr2	96500	0.0	22	1.0	22	0.55	20	0.562	16	0.5	26	0.062
chr2	97500	0.0	25	1.0	25	0.524	21	0.75	24	0.333	33	0.417
chr3	1500	0.0	17	1.0	17	0.421	19	0.333	18	0.588	17	-0.255
chr3	3500	0.0	19	1.0	19	0.6	25	0.65	20	0.714	14	-0.064
chr3	6500	0.0	27	1.0	27	0.542	24	0.765	17	0.583	24	0.182
chr3	7500	1.0	18	0.0	18	0.476	21	0.455	22	0.526	19	-0.071
chr3	8500	1.0	17	0.0	17	0.32	25	0.467	15	0.75	12	-0.283
chr3	10500	1.0	13	0.0	13	0.5	28	0.2	20	0.292	24	-0.092
chr3	12500	1.0	15	0.0	15	0.364	22	0.571	28	0.231	13	0.34
chr3	13500	1.0	22	0.0	22	0.5	28	0.526	19	0.469	32	0.057
chr3	15500	1.0	17	0.0	17	0.6	20	0.476	21	0.364	22	0.112
chr3	16500	0.0	20	1.0	20	0.474	19	0.571	21	0.273	22	0.298
chr3	17500	0.0	17	1.0	17	0.409	22	0.5	20	0.222	18	0.278
chr3	20500	1.0	26	0.0	26	0.565	23	0.6	25	0.5	22	0.1
chr3	21500	0.0	31	1.0	31	0.375	24	0.636	11	0.333	30	0.303
chr3	22500	1.0	21	0.0	21	0.294	17	0.526	19	0.421	19	0.105
chr3	24500	0.0	15	1.0	15	0.412	17	0.333	24	0.429	14	-0.096
chr3	25500	0.0	16	1.0	16	0.5	24	0.455	11	0.353	17	0.102
chr3	26500	1.0	25	0.0	25	0.412	17	0.55	20	0.5	16	0.05
chr3	27500	1.0	12	0.0	12	0.438	16	0.467	15	0.316	19	0.151
chr3	28500	0.0	22	1.0	22	0.6	20	0.45	20	0.429	28	0.021
chr3	29500	1.0	19	0.0	19	0.7	10	0.533	15	0.222	18	0.311
chr3	35500	0.0	14	1.0	14	0.611	18	0.571	21	0.409	22	0.162
chr3	38500	0.0	26	1.0	26	0.389	18	0.478	23	0.5	24	-0.022
chr3	41500	1.0	22	0.0	22	0.625	16	0.267	15	0.706	17	-0.439
chr3	42500	0.0	18	1.0	18	0.474	19	0.32	25	0.458	24	-0.138
chr3	43500	0.0	14	1.0	14	0.423	26	0.5	16	0.478	23	0.022
chr3	44500	1.0	30	0.0	30	0.524	21	0.455	22	0.739	23	-0.284
chr3	46500	0.0	22	1.0	22	0.333	18	0.227	22	0.333	15	-0.106
chr3	54500	1.0	15	0.0	15	0.519	27	0.467	15	0.556	18	-0.089
chr3	55500	1.0	26	0.0	26	0.37	27	0.526	19	0.571	21	-0.045
chr3	57500	1.0	20	0.0	20	0.348	23	0.364	22	0.263	19	0.101
chr3	58500	0.0	20	1.0	20	0.471	17	0.571	21	0.333	15	0.238
chr3	60500	0.0	22	1.0	22	0.391	23	0.556	18	0.414	29	0.142
chr3	63500	1.0	17	0.0	17	0.5	18	0.438	16	0.333	21	0.105
chr3	75500	0.0	27	1.0	27	0.593	27	0.5	12	0.2	15	0.3
chr3	77500	0.0	19	1.0	19	0.517	29	0.688	16	0.5	18	0.188
chr3	78500	1.0	22	0.0	22	0.567	30	0.737	19	0.389	18	0.348
chr3	79500	1.0	22	0.0	22	0.579	19	0.357	14	0.4	20	-0.043
chr3	80500	0.0	14	1.0	14	0.562	16	0.656	32	0.346	26	0.31
chr3	81500	1.0	23	0.0	23	0.348	23	0.5	18	0.6	15	-0.1
chr3	84500	0.0	23	1.0	23	0.421	19	0.474	19	0.522	23	-0.048
chr3	85500	1.0	21	0.0	21	0.5	12	0.643	14	0.333	15	0.31
chr3	87500	0.0	16	1.0	16	0.538	26	0.5	22	0.333	15	0.167
chr3	88500	1.0	17	0.0	17	0.471	17	0.524	21	0.35	20	0.174
chr3	93500	1.0	15	0.0	15	0.533	15	0.429	21	0.286	14	0.143
chr3	94500	0.0	18	1.0	18	0.667	18	0.56	25	0.312	16	0.248
